1, 50          ,498.32      ,
2, 100         ,496.21      ,
3, 150         ,493.4       ,
4, 200         ,489.76      ,
5, 250         ,485.3       ,
6, 300         ,480.11      ,
7, 350         ,474.37      ,
8, 400         ,468.23      ,
9, 450         ,461.84      ,
10, 500         ,455.32      ,
11, 550         ,448.76      ,
12, 600         ,442.23      ,
13, 650         ,435.8       ,
14, 700         ,429.49      ,
15, 750         ,423.34      ,
16, 800         ,417.36      ,
17, 850         ,411.56      ,
18, 900         ,405.95      ,
19, 950         ,400.53      ,
20, 1000        ,395.29      ,
21, 1050        ,390.25      ,
22, 1100        ,385.38      ,
23, 1150        ,380.7       ,
24, 1200        ,376.19      ,
25, 1250        ,371.85      ,
26, 1300        ,367.67      ,
27, 1350        ,363.66      ,
28, 1400        ,359.79      ,
29, 1450        ,356.07      ,
30, 1500        ,352.49      ,
31, 1550        ,349.06      ,
32, 1600        ,345.75      ,
33, 1650        ,342.57      ,
34, 1700        ,339.51      ,
35, 1750        ,336.57      ,
36, 1800        ,333.74      ,
37, 1850        ,331.02      ,
38, 1900        ,328.4       ,
39, 1950        ,325.89      ,
40, 2000        ,323.47      ,
41, 2050        ,321.14      ,
42, 2100        ,318.9       ,
43, 2150        ,316.75      ,
44, 2200        ,314.69      ,
45, 2250        ,312.7       ,
46, 2300        ,310.79      ,
47, 2350        ,308.95      ,
48, 2400        ,307.18      ,
49, 2450        ,305.48      ,
50, 2500        ,303.84      ,
51, 2550        ,302.27      ,
52, 2600        ,300.76      ,
53, 2650        ,299.31      ,
54, 2700        ,297.91      ,
55, 2750        ,296.57      ,
56, 2800        ,295.27      ,
57, 2850        ,294.03      ,
58, 2900        ,292.84      ,
59, 2950        ,291.69      ,
60, 3000        ,290.58      ,
61, 3050        ,289.52      ,
62, 3100        ,288.5       ,
63, 3150        ,287.52      ,
64, 3200        ,286.57      ,
65, 3250        ,285.67      ,
66, 3300        ,284.79      ,
67, 3350        ,283.95      ,
68, 3400        ,283.14      ,
69, 3450        ,282.37      ,
70, 3500        ,281.62      ,
71, 3550        ,280.9       ,
72, 3600        ,280.21      ,
73, 3650        ,279.55      ,
74, 3700        ,278.91      ,
75, 3750        ,278.3       ,
76, 3800        ,277.71      ,
77, 3850        ,277.14      ,
78, 3900        ,276.59      ,
79, 3950        ,276.07      ,
80, 4000        ,275.57      ,
81, 4050        ,275.08      ,
82, 4100        ,274.61      ,
83, 4150        ,274.17      ,
84, 4200        ,273.73      ,
85, 4250        ,273.32      ,
86, 4300        ,272.92      ,
87, 4350        ,272.54      ,
88, 4400        ,272.17      ,
89, 4450        ,271.81      ,
90, 4500        ,271.47      ,
91, 4550        ,271.15      ,
92, 4600        ,270.83      ,
93, 4650        ,270.53      ,
94, 4700        ,270.24      ,
95, 4750        ,269.95      ,
96, 4800        ,269.69      ,
97, 4850        ,269.43      ,
98, 4900        ,269.18      ,
99, 4950        ,268.94      ,
100, 5000        ,268.71      ,
101, 5050        ,268.49      ,
102, 5100        ,268.27      ,
103, 5150        ,268.07      ,
104, 5200        ,267.87      ,
105, 5250        ,267.68      ,
106, 5300        ,267.5       ,
107, 5350        ,267.32      ,
108, 5400        ,267.16      ,
109, 5450        ,266.99      ,
110, 5500        ,266.84      ,
111, 5550        ,266.69      ,
112, 5600        ,266.54      ,
113, 5650        ,266.41      ,
114, 5700        ,266.27      ,
115, 5750        ,266.14      ,
116, 5800        ,266.02      ,
117, 5850        ,265.9       ,
118, 5900        ,265.79      ,
119, 5950        ,265.68      ,
120, 6000        ,265.57      ,
121, 6050        ,265.47      ,
122, 6100        ,265.38      ,
123, 6150        ,265.28      ,
124, 6200        ,265.19      ,
125, 6250        ,265.11      ,
126, 6300        ,265.02      ,
127, 6350        ,264.94      ,
128, 6400        ,264.87      ,
129, 6450        ,264.79      ,
130, 6500        ,264.72      ,
131, 6550        ,264.65      ,
132, 6600        ,264.59      ,
133, 6650        ,264.52      ,
134, 6700        ,264.46      ,
135, 6750        ,264.4       ,
136, 6800        ,264.35      ,
137, 6850        ,264.29      ,
138, 6900        ,264.24      ,
139, 6950        ,264.19      ,
140, 7000        ,264.14      ,
141, 7050        ,264.1       ,
142, 7100        ,264.05      ,
143, 7150        ,264.01      ,
144, 7200        ,263.97      ,
145, 7250        ,263.93      ,
146, 7300        ,263.89      ,
147, 7350        ,263.86      ,
148, 7400        ,263.82      ,
149, 7450        ,263.79      ,
150, 7500        ,263.75      ,
151, 7550        ,263.72      ,
152, 7600        ,263.69      ,
153, 7650        ,263.66      ,
154, 7700        ,263.64      ,
155, 7750        ,263.61      ,
156, 7800        ,263.58      ,
157, 7850        ,263.56      ,
158, 7900        ,263.54      ,
159, 7950        ,263.51      ,
160, 8000        ,263.49      ,
161, 8050        ,263.47      ,
162, 8100        ,263.45      ,
163, 8150        ,263.43      ,
164, 8200        ,263.41      ,
165, 8250        ,263.39      ,
166, 8300        ,263.38      ,
167, 8350        ,263.36      ,
168, 8400        ,263.34      ,
169, 8450        ,263.33      ,
170, 8500        ,263.31      ,
171, 8550        ,263.3       ,
172, 8600        ,263.28      ,
173, 8650        ,263.27      ,
174, 8700        ,263.26      ,
175, 8750        ,263.25      ,
176, 8800        ,263.24      ,
177, 8850        ,263.22      ,
178, 8900        ,263.21      ,
179, 8950        ,263.2       ,
180, 9000        ,263.19      ,
181, 9050        ,263.18      ,
182, 9100        ,263.17      ,
183, 9150        ,263.16      ,
184, 9200        ,263.16      ,
185, 9250        ,263.15      ,
186, 9300        ,263.14      ,
187, 9350        ,263.13      ,
188, 9400        ,263.13      ,
189, 9450        ,263.12      ,
190, 9500        ,263.11      ,
191, 9550        ,263.1       ,
192, 9600        ,263.1       ,
193, 9650        ,263.09      ,
194, 9700        ,263.09      ,
195, 9750        ,263.08      ,
196, 9800        ,263.08      ,
197, 9850        ,263.07      ,
198, 9900        ,263.07      ,
199, 9950        ,263.06      ,
200, 10000       ,263.06      ,
201, 10050       ,263.05      ,
202, 10100       ,263.05      ,
203, 10150       ,263.04      ,
204, 10200       ,263.04      ,
205, 10250       ,263.04      ,
206, 10300       ,263.03      ,
207, 10350       ,263.03      ,
208, 10400       ,263.03      ,
209, 10450       ,263.02      ,
210, 10500       ,263.02      ,
211, 10550       ,263.02      ,
212, 10600       ,263.01      ,
213, 10650       ,263.01      ,
214, 10700       ,263.01      ,
215, 10750       ,263.01      ,
216, 10800       ,263         ,
217, 10850       ,263         ,
218, 10900       ,263         ,
219, 10950       ,263         ,
220, 11000       ,262.99      ,
221, 11050       ,262.99      ,
222, 11100       ,262.99      ,
223, 11150       ,262.99      ,
224, 11200       ,262.99      ,
225, 11250       ,262.98      ,
226, 11300       ,262.98      ,
227, 11350       ,262.98      ,
228, 11400       ,262.98      ,
229, 11450       ,262.98      ,
230, 11500       ,262.98      ,
231, 11550       ,262.98      ,
232, 11600       ,262.97      ,
233, 11650       ,262.97      ,
234, 11700       ,262.97      ,
235, 11750       ,262.97      ,
236, 11800       ,262.97      ,
237, 11850       ,262.97      ,
238, 11900       ,262.97      ,
239, 11950       ,262.97      ,
240, 12000       ,262.97      ,
