1, 50          ,499.85      ,
2, 100         ,499.26      ,
3, 150         ,497.96      ,
4, 200         ,495.81      ,
5, 250         ,492.81      ,
6, 300         ,489.07      ,
7, 350         ,484.73      ,
8, 400         ,479.95      ,
9, 450         ,474.89      ,
10, 500         ,469.64      ,
11, 550         ,464.32      ,
12, 600         ,459         ,
13, 650         ,453.72      ,
14, 700         ,448.52      ,
15, 750         ,443.44      ,
16, 800         ,438.5       ,
17, 850         ,433.69      ,
18, 900         ,429.03      ,
19, 950         ,424.53      ,
20, 1000        ,420.18      ,
21, 1050        ,415.99      ,
22, 1100        ,411.94      ,
23, 1150        ,408.05      ,
24, 1200        ,404.29      ,
25, 1250        ,400.68      ,
26, 1300        ,397.2       ,
27, 1350        ,393.86      ,
28, 1400        ,390.64      ,
29, 1450        ,387.55      ,
30, 1500        ,384.57      ,
31, 1550        ,381.7       ,
32, 1600        ,378.95      ,
33, 1650        ,376.3       ,
34, 1700        ,373.75      ,
35, 1750        ,371.3       ,
36, 1800        ,368.95      ,
37, 1850        ,366.68      ,
38, 1900        ,364.51      ,
39, 1950        ,362.41      ,
40, 2000        ,360.4       ,
41, 2050        ,358.46      ,
42, 2100        ,356.6       ,
43, 2150        ,354.81      ,
44, 2200        ,353.09      ,
45, 2250        ,351.43      ,
46, 2300        ,349.84      ,
47, 2350        ,348.31      ,
48, 2400        ,346.84      ,
49, 2450        ,345.42      ,
50, 2500        ,344.06      ,
51, 2550        ,342.75      ,
52, 2600        ,341.49      ,
53, 2650        ,340.28      ,
54, 2700        ,339.12      ,
55, 2750        ,338         ,
56, 2800        ,336.92      ,
57, 2850        ,335.89      ,
58, 2900        ,334.89      ,
59, 2950        ,333.94      ,
60, 3000        ,333.02      ,
61, 3050        ,332.13      ,
62, 3100        ,331.28      ,
63, 3150        ,330.46      ,
64, 3200        ,329.68      ,
65, 3250        ,328.92      ,
66, 3300        ,328.19      ,
67, 3350        ,327.5       ,
68, 3400        ,326.82      ,
69, 3450        ,326.18      ,
70, 3500        ,325.55      ,
71, 3550        ,324.96      ,
72, 3600        ,324.38      ,
73, 3650        ,323.83      ,
74, 3700        ,323.3       ,
75, 3750        ,322.79      ,
76, 3800        ,322.3       ,
77, 3850        ,321.82      ,
78, 3900        ,321.37      ,
79, 3950        ,320.93      ,
80, 4000        ,320.51      ,
81, 4050        ,320.11      ,
82, 4100        ,319.72      ,
83, 4150        ,319.35      ,
84, 4200        ,318.99      ,
85, 4250        ,318.64      ,
86, 4300        ,318.31      ,
87, 4350        ,317.99      ,
88, 4400        ,317.68      ,
89, 4450        ,317.39      ,
90, 4500        ,317.1       ,
91, 4550        ,316.83      ,
92, 4600        ,316.57      ,
93, 4650        ,316.32      ,
94, 4700        ,316.07      ,
95, 4750        ,315.84      ,
96, 4800        ,315.62      ,
97, 4850        ,315.4       ,
98, 4900        ,315.19      ,
99, 4950        ,314.99      ,
100, 5000        ,314.8       ,
101, 5050        ,314.62      ,
102, 5100        ,314.44      ,
103, 5150        ,314.27      ,
104, 5200        ,314.1       ,
105, 5250        ,313.95      ,
106, 5300        ,313.79      ,
107, 5350        ,313.65      ,
108, 5400        ,313.51      ,
109, 5450        ,313.37      ,
110, 5500        ,313.24      ,
111, 5550        ,313.12      ,
112, 5600        ,313         ,
113, 5650        ,312.88      ,
114, 5700        ,312.77      ,
115, 5750        ,312.67      ,
116, 5800        ,312.56      ,
117, 5850        ,312.47      ,
118, 5900        ,312.37      ,
119, 5950        ,312.28      ,
120, 6000        ,312.19      ,
121, 6050        ,312.11      ,
122, 6100        ,312.03      ,
123, 6150        ,311.95      ,
124, 6200        ,311.87      ,
125, 6250        ,311.8       ,
126, 6300        ,311.73      ,
127, 6350        ,311.67      ,
128, 6400        ,311.6       ,
129, 6450        ,311.54      ,
130, 6500        ,311.48      ,
131, 6550        ,311.42      ,
132, 6600        ,311.37      ,
133, 6650        ,311.32      ,
134, 6700        ,311.27      ,
135, 6750        ,311.22      ,
136, 6800        ,311.17      ,
137, 6850        ,311.13      ,
138, 6900        ,311.08      ,
139, 6950        ,311.04      ,
140, 7000        ,311         ,
141, 7050        ,310.96      ,
142, 7100        ,310.93      ,
143, 7150        ,310.89      ,
144, 7200        ,310.86      ,
145, 7250        ,310.82      ,
146, 7300        ,310.79      ,
147, 7350        ,310.76      ,
148, 7400        ,310.73      ,
149, 7450        ,310.7       ,
150, 7500        ,310.68      ,
151, 7550        ,310.65      ,
152, 7600        ,310.63      ,
153, 7650        ,310.6       ,
154, 7700        ,310.58      ,
155, 7750        ,310.56      ,
156, 7800        ,310.53      ,
157, 7850        ,310.51      ,
158, 7900        ,310.49      ,
159, 7950        ,310.48      ,
160, 8000        ,310.46      ,
161, 8050        ,310.44      ,
162, 8100        ,310.42      ,
163, 8150        ,310.41      ,
164, 8200        ,310.39      ,
165, 8250        ,310.38      ,
166, 8300        ,310.36      ,
167, 8350        ,310.35      ,
168, 8400        ,310.33      ,
169, 8450        ,310.32      ,
170, 8500        ,310.31      ,
171, 8550        ,310.3       ,
172, 8600        ,310.29      ,
173, 8650        ,310.27      ,
174, 8700        ,310.26      ,
175, 8750        ,310.25      ,
176, 8800        ,310.24      ,
177, 8850        ,310.23      ,
178, 8900        ,310.23      ,
179, 8950        ,310.22      ,
180, 9000        ,310.21      ,
181, 9050        ,310.2       ,
182, 9100        ,310.19      ,
183, 9150        ,310.19      ,
184, 9200        ,310.18      ,
185, 9250        ,310.17      ,
186, 9300        ,310.17      ,
187, 9350        ,310.16      ,
188, 9400        ,310.15      ,
189, 9450        ,310.15      ,
190, 9500        ,310.14      ,
191, 9550        ,310.14      ,
192, 9600        ,310.13      ,
193, 9650        ,310.13      ,
194, 9700        ,310.12      ,
195, 9750        ,310.12      ,
196, 9800        ,310.11      ,
197, 9850        ,310.11      ,
198, 9900        ,310.1       ,
199, 9950        ,310.1       ,
200, 10000       ,310.1       ,
201, 10050       ,310.09      ,
202, 10100       ,310.09      ,
203, 10150       ,310.08      ,
204, 10200       ,310.08      ,
205, 10250       ,310.08      ,
206, 10300       ,310.08      ,
207, 10350       ,310.07      ,
208, 10400       ,310.07      ,
209, 10450       ,310.07      ,
210, 10500       ,310.06      ,
211, 10550       ,310.06      ,
212, 10600       ,310.06      ,
213, 10650       ,310.06      ,
214, 10700       ,310.06      ,
215, 10750       ,310.05      ,
216, 10800       ,310.05      ,
217, 10850       ,310.05      ,
218, 10900       ,310.05      ,
219, 10950       ,310.05      ,
220, 11000       ,310.04      ,
221, 11050       ,310.04      ,
222, 11100       ,310.04      ,
223, 11150       ,310.04      ,
224, 11200       ,310.04      ,
225, 11250       ,310.04      ,
226, 11300       ,310.03      ,
227, 11350       ,310.03      ,
228, 11400       ,310.03      ,
229, 11450       ,310.03      ,
230, 11500       ,310.03      ,
231, 11550       ,310.03      ,
232, 11600       ,310.03      ,
233, 11650       ,310.03      ,
234, 11700       ,310.03      ,
235, 11750       ,310.02      ,
236, 11800       ,310.02      ,
237, 11850       ,310.02      ,
238, 11900       ,310.02      ,
239, 11950       ,310.02      ,
240, 12000       ,310.02      ,
